 16
 24
 19
 21
 24
 24
 20
 21
 25
 22
 24
 22
 24
 22
 22
 25
 21
 18
 19
 17
 23
 24
 20
 24
 23
 22
 20
 20
 24
 15
 25
 24
 23
 22
 23
 23
 22
 21
 23
 25
 23
 20
 22
 23
 24
 21
 25
 24
 24
 17
 22
 23
 22
 21
 22
 23
 23
 22
 22
 23
 19
 23
 22
 23
 19
 25
 23
 18
 23
 23
 22
 21
 23
 23
 25
 24
 23
 20
 24
 23
 24
 24
 25
 23
 23
 23
 21
 23
 21
 17
 23
 25
 23
 19
 22
 24
 23
 20
 21
 22
 24
 22
 20
 21
 24
 21
 23
 19
 20
 25
 23
 24
 20
 20
 24
 24
 23
 23
 25
 19
 24
 24
 23
 18
 23
 21
 22
 23
 20
 25
 21
 20
 24
 22
 16
 22
 24
 23
 18
 23
 20
 22
 24
 24
 20
 25
 24
 22
 23
 21
 24
 25
 24
 24
 23
 20
 24
 21
 19
 16
 22
 24
 23
 17
 23
 23
 24
 24
 22
 24
 21
 21
 25
 24
 23
 20
 24
 23
 24
 21
 23
 21
 23
 23
 23
 24
 18
 21
 23
 24
 23
 23
 17
 17
 23
 21
 23
 23
 23