-58          5765          3.28625067538
-58          5765          3.28625067538
-57          5765          2.9288739973751
-55          5765          2.3264873120648
-56          5765          2.6103616978361
-56          5765          2.6103616978361
-54          5765          2.073483999434
-54          5765          2.073483999434
-54          5765          2.073483999434
-54          5765          2.073483999434
-53          5765          1.8479945597009
-54          5765          2.073483999434
-56          5765          2.6103616978361
-55          5765          2.3264873120648
-55          5765          2.3264873120648
-52          5765          1.6470268849995
-55          5765          2.3264873120648
-55          5765          2.3264873120648
-55          5765          2.3264873120648

 Number of Packets is 19
 Average Strength -55.052631578947 Average Distance 2.3765171450475