P.R-2.4          -77          2412          70.003974273912
xfinitywifi          -70          2412          31.269626693515
QSBPR          -72          2412          39.366127661783
xfinitywifi          -73          2412          44.169521710927
HOME-CB71          -72          2412          39.366127661783
xfinitywifi          -75          2412          55.60613330868
P.R-2.4          -75          2412          55.60613330868
HOME-CB71          -71          2412          35.085098209257
xfinitywifi          -71          2412          35.085098209257
QSBPR          -76          2412          62.391107744714
4BXLJ          -78          2412          78.545751009809
xfinitywifi          -75          2412          55.60613330868
zeak-2.4          -75          2412          55.60613330868
HOME-CB71          -69          2412          27.869084125687
xfinitywifi          -75          2412          55.60613330868
zeak-2.4          -74          2412          49.559018477351
HOME-CB71          -69          2412          27.869084125687
xfinitywifi          -70          2412          31.269626693515
QSBPR          -75          2412          55.60613330868
xfinitywifi          -75          2412          55.60613330868
P.R-2.4          -74          2412          49.559018477351
HOME-CB71          -72          2412          39.366127661783
xfinitywifi          -72          2412          39.366127661783
tomas42          -71          2412          35.085098209257
HOME-CB71          -72          2412          39.366127661783
xfinitywifi          -71          2412          35.085098209257
HOME-CB71          -69          2412          27.869084125687
xfinitywifi          -73          2412          44.169521710927
HOME-CB71          -70          2412          31.269626693515
HOME-FD6A          -65          2412          17.584203313038
HOME-FD6A          -64          2412          15.67193769908
xfinitywifi          -69          2412          27.869084125687
xfinitywifi          -72          2412          39.366127661783
R@ge          -80          2457          97.072193547623
WH NETWORK          -49          2462          2.7303099476506
WH NETWORK          -53          2467          4.3184793825195
HOME-FD6A          -71          2462          34.372565751717

 Number of Packets is 54
 Average Strength -71.203703703704 Average Distance 40.253931610075