-54          5765          2.073483999434
-54          5765          2.073483999434
-54          5765          2.073483999434
-53          5765          1.8479945597009
-53          5765          1.8479945597009
-53          5765          1.8479945597009
-54          5765          2.073483999434
-54          5765          2.073483999434
-54          5765          2.073483999434
-54          5765          2.073483999434
-54          5765          2.073483999434
-54          5765          2.073483999434
-54          5765          2.073483999434
-54          5765          2.073483999434
-54          5765          2.073483999434

 Number of Packets is 15
 Average Strength -53.8 Average Distance 2.0283861114874