HOME-CB71          -75          2412          55.60613330868
          -75          2412          55.60613330868
xfinitywifi          -77          2412          70.003974273912
          -70          2412          31.269626693515
xfinitywifi          -81          2412          110.94882227195
4BXLJ          -75          2412          55.60613330868
xfinitywifi          -72          2412          39.366127661783
zeak-2.4          -80          2412          98.883241934706
ARRIS-4132          -76          2412          62.391107744714
HOME-CB71          -77          2412          70.003974273912
          -76          2412          62.391107744714
xfinitywifi          -75          2412          55.60613330868
xfinitywifi          -70          2412          31.269626693515
          -80          2412          98.883241934706
xfinitywifi          -82          2412          124.48662607219
ARRIS-4132          -74          2412          49.559018477351
          -76          2412          62.391107744714
          -70          2412          31.269626693515
xfinitywifi          -80          2412          98.883241934706
xfinitywifi          -73          2412          44.169521710927
ARRIS-4132          -75          2412          55.60613330868
HOME-CB71          -74          2412          49.559018477351
          -76          2412          62.391107744714
xfinitywifi          -73          2412          44.169521710927
          -70          2412          31.269626693515
4BXLJ          -76          2412          62.391107744714
xfinitywifi          -71          2412          35.085098209257
Hindustan_EXT          -75          2412          55.60613330868
P.R-2.4          -71          2412          35.085098209257
ARRIS-4132          -75          2412          55.60613330868
          -75          2412          55.60613330868
xfinitywifi          -74          2412          49.559018477351
Hindustan_EXT          -73          2412          44.169521710927
ARRIS-4132          -74          2412          49.559018477351
P.R-2.4          -71          2412          35.085098209257
HOME-CB71          -75          2412          55.60613330868
          -73          2412          44.169521710927
xfinitywifi          -72          2412          39.366127661783
          -70          2412          31.269626693515
xfinitywifi          -72          2412          39.366127661783
P.R-2.4          -70          2412          31.269626693515
xfinitywifi          -72          2412          39.366127661783
          -69          2412          27.869084125687
xfinitywifi          -72          2412          39.366127661783
P.R-2.4          -72          2412          39.366127661783
ARRIS-4132          -73          2412          44.169521710927
ARRIS-4132          -72          2412          39.366127661783
HOME-CB71          -73          2412          44.169521710927
          -74          2412          49.559018477351
xfinitywifi          -72          2412          39.366127661783
          -73          2412          44.169521710927
TP-LINK-NYUMBA          -73          2437          43.716408029034
          -61          2437          10.981065216247
          -82          5825          51.54708018646
TP-LINK-NYUMBA          -73          2437          43.716408029034
Sammax1234          -72          2437          38.962289667714
          -62          2437          12.320957820522
          -76          2437          61.751067657058
          -81          5825          45.941383574237
          -82          5825          51.54708018646
ARRIS-4132          -76          2412          62.391107744714
HOME-CB71          -76          2412          62.391107744714
          -75          2412          55.60613330868
RiveraWifi1          -61          2432          11.003641419405
649bahar          -79          2437          87.225701486135
J.E          -76          2437          61.751067657058
DoubleD-2.4          -76          2437          61.751067657058
          -78          2462          76.950589535199
Kings Landing 10C @ 2.4Ghz          -54          2467          4.8454135617094
          -82          5825          51.54708018646
HOME-CB71          -77          2412          70.003974273912
xfinitywifi          -75          2412          55.60613330868
RiveraWifi1          -64          2432          15.543056632476
J.E          -75          2437          55.035696980114
DoubleD-2.4          -74          2437          49.050616564371
Sammax1234          -72          2437          38.962289667714
NETGEAR24          -75          2452          54.699018572813
xfinitywifi          -87          2462          216.87622809674
          -82          5825          51.54708018646
          -63          2437          13.824342049302
HOME-9ECD-2.4          -78          2437          77.739988278892
          -74          2437          49.050616564371
          -81          5825          45.941383574237
          -83          5825          57.836775234591
zeak-2.4          -83          2412          139.67629176679
ARRIS-4132          -76          2412          62.391107744714
HOME-CB71          -75          2412          55.60613330868
xfinitywifi          -76          2412          62.391107744714
DoubleD-2.4          -75          2437          55.035696980114
          -75          2462          54.476845467318
WH NETWORK          -62          2467          12.17112858071
          -83          5825          57.836775234591
ARRIS-4132          -76          2412          62.391107744714
HOME-CB71          -78          2412          78.545751009809
          -76          2412          62.391107744714
xfinitywifi          -76          2412          62.391107744714
VZJ2Q          -85          2432          174.39596377898
J.E          -74          2437          49.050616564371
DoubleD-2.4          -76          2437          61.751067657058
Sammax1234          -72          2437          38.962289667714
yamairy          -78          2442          77.580815493718
          -80          2442          97.668460092756
xfinitywifi          -78          2442          77.580815493718
WH NETWORK          -61          2467          10.847529765705



Number of Packets is 104
Average Strength -74.432692307692 Average Distance 55.557330153923