-53          5765          1.8479945597009
-53          5765          1.8479945597009
-58          5765          3.28625067538
-58          5765          3.28625067538
-58          5765          3.28625067538
-56          5765          2.6103616978361
-56          5765          2.6103616978361
-56          5765          2.6103616978361
-52          5765          1.6470268849995
-52          5765          1.6470268849995
-52          5765          1.6470268849995
-48          5765          1.0392037096468
-48          5765          1.0392037096468
-48          5765          1.0392037096468
-47          5765          0.92619128113474
-47          5765          0.92619128113474
-47          5765          0.92619128113474
-47          5765          0.92619128113474
-47          5765          0.92619128113474
-47          5765          0.92619128113474

 Number of Packets is 20
 Average Strength -51.5 Average Distance 1.7500832854899